
3407577
5233112
380731
22146566
4627111
45823
944493
32191053
30321952
924658
100675373

1501697
199380
2315383
7389620
15938325
1800167
5623083
8318230
25466896
15456532
18066449
1216843
5327915
285398
244949
20287982
23262241
2511848
5791958
3187199
26659241
3844648
1051394
1326078
8383643
6978751
73073
8674786
3472257
629664
1706886
256367
40066190
160033
112802212
5786549
4122836
15087434
47392997
9090865
209273
61432819
668461
6930851
713047
68610362

610990
2321754
27431095
7539846
1293877
94336326
12836096
2389070
7397783
6109459
11503459
749652
47034340
238623
1690223
4803317
8821678
3039632
1217883
858924
94862
6071907
1039853
2523111
13376417
185515
235185
5931103
4451176
9141628

24743128
57587325
601694
333150
930272
1551857
231758
12679632
6212806
