
2348297
3669206

10958492
3413830
22686
799097
23374681
22786459
743067
72861507

729852
91919
1113833
5346482
7740663
886673
2896939
3781115
18888332
10991572
8971283
884213
2537620
257589
125086
9996760
22575540
1808896
2741026
1430819
19776579
2867287
755767
674816
6088265
5208231
46696
6565505
3429392
461714
866624
176978
29218121

57344250
4492808
1887082
7605687
23611225
4375496
145132
44877895
317378
4873035
323143
67900317

422878
1679742
20643147
5551364
1239564
68388753
9379990
1814304
5287207
4467821
10752009
510612
33994063
178890
1234587
2362989
6700870
2061028
900989
590800
43925
4225881
459637

6781191
141476
225680
2900304

6378821
477992
17992699
57038082
438774
240186

762884
166151
6050921
4605934
