-nan -nan -nan -nan
inf inf inf inf
inf inf inf inf
inf inf inf inf
inf inf inf inf
inf inf inf inf
inf inf inf inf
inf inf inf inf
inf inf inf inf
inf inf inf inf
inf inf inf inf
inf inf inf inf
inf inf inf inf
inf inf inf inf
inf inf inf inf
inf inf inf inf
inf inf inf inf
inf inf inf inf
inf inf inf inf
inf inf inf inf
inf inf inf inf
inf inf inf inf
inf inf inf inf
inf inf inf inf
inf inf inf inf
inf inf inf inf
inf inf inf inf
inf inf inf inf
inf inf inf inf
inf inf inf inf
inf inf inf inf
inf inf inf inf
inf inf inf inf
inf inf inf inf
inf inf inf inf
inf inf inf inf
inf inf inf inf
inf inf inf inf
inf inf inf inf
inf inf inf inf
inf inf inf inf
inf inf inf inf
inf inf inf inf
inf inf inf inf
inf inf inf inf
inf inf inf inf
inf inf inf inf
inf inf inf inf
inf inf inf inf
inf inf inf inf
inf inf inf inf
inf inf inf inf
inf inf inf inf
inf inf inf inf
inf inf inf inf
inf inf inf inf
inf inf inf inf
inf inf inf inf
inf inf inf inf
inf inf inf inf
inf inf inf inf
inf inf inf inf
inf inf inf inf
inf inf inf inf
inf inf inf inf
inf inf inf inf
inf inf inf inf
inf inf inf inf
inf inf inf inf
inf inf inf inf
inf inf inf inf
inf inf inf inf
inf inf inf inf
inf inf inf inf
inf inf inf inf
inf inf inf inf
inf inf inf inf
inf inf inf inf
inf inf inf inf
inf inf inf inf
inf inf inf inf
inf inf inf inf
inf inf inf inf
inf inf inf inf
inf inf inf inf
inf inf inf inf
inf inf inf inf
inf inf inf inf
inf inf inf inf
inf inf inf inf
inf inf inf inf
inf inf inf inf
inf inf inf inf
inf inf inf inf
inf inf inf inf
inf inf inf inf
inf inf inf inf
inf inf inf inf
inf inf inf inf
inf inf inf inf
-nan -nan -nan -nan
17.6311 15.0974 12.9818 11.9278
0.00723362 0.00654053 0.00687545 0.00972408
93.0788 76.5601 inf 100.793
2.5226 2.34984 1.71137 2.43817
7.44489 6.73666 7.65172 8.86725
1047.67 936.598 inf 998.105
19.9511 16.153 19.0534 16.1216
0.767216 0.701211 0.632764 0.721914
0.892806 0.684888 0.927845 0.959597
14.8622 14.3118 28.0209 10.8935
0.207249 0.205726 0.315985 0.206317
1 inf inf inf
16.6241 17.1002 23.9117 19.0515
115.826 93.6424 101.738 133.519
8.84851 7.58899 10.3059 9.93149
0.927818 0.756737 1.06102 0.850252
0.874224 0.746614 0.786973 0.684308
3.18627 2.65734 3.53563 3.18254
2.83528 2.55094 2.15715 3.14974
1.55055 1.40562 1.60403 1.06899
0.577849 0.519249 0.580958 0.677506
0.950569 0.754375 0.919421 0.640162
5.04154 3.69325 5.53988 4.99551
3.9135 3.61661 4.82226 4.02296
2.20166 1.66931 2.03511 2.64706
38.0702 29.024 45.5474 33.1114
14.0419 11.9883 8.8401 10.1205
0.430278 0.37087 0.432752 0.50146
0.423457 0.359081 0.312311 0.293916
3.47721 3.19356 3.29535 2.88546
1.53711 1.29126 1.78105 1.54862
2.44814 2.23858 3.84236 2.67337
0.300464 0.273297 0.32317 0.390314
38.1731 38.1327 31.7227 37.8587
8.10408 7.44241 8.85334 6.57824
4.62849 3.97039 4.97164 7.03543
0.889353 0.78329 0.894953 0.893611
0.950772 0.791768 0.885577 1.16683
93.4809 inf 97.1528 66.3174
0.813683 0.658267 1.24083 0.570363
1.70665 1.42964 1.18881 1.56475
8.84462 7.52572 8.97254 6.51508
2.67847 2.52055 2.6177 2.0829
25.3339 23.9581 24.1724 21.9906
2.87511 2.59726 3.01856 inf
37.5064 35.3789 25.3315 26.236
0.0609954 0.0493353 0.0500813 0.0646968
0.795048 0.572414 0.871566 inf
1.30217 1.01167 1.23371 1.42124
0.302861 0.263185 0.247505 0.4012
0.0795045 0.0697036 0.0657139 0.0673604
0.381557 0.340687 0.345915 0.332043
5.99767 5.30622 7.07556 7.93813
0.0444358 0.0351068 0.0274912 0.0542197
4.75245 inf 7.22315 6.78864
7.23252 6.03193 6.68483 5.97672
1.04299 0.890388 1.15191 1.07791
0.00361773 0.00296352 0.00350489 0.00414424
0.0127854 inf inf inf
3.83611 3.02435 3.45648 3.19581
1.11222 0.938938 0.77075 0.899072
0.0868326 0.0732501 0.0677517 0.0928155
0.319375 0.237404 0.333104 0.357011
1.56078 1.30446 2.43942 1.2041
0.0199945 0.0163533 0.0309869 0.0252415
0.159974 0.139892 0.149978 0.109236
36.3689 33.4 30.0309 42.0375
0.231755 0.198962 0.183315 0.204541
0.271994 0.233427 0.234105 0.265416
0.13673 0.122315 0.215338 0.100129
1.65542 1.4606 1.18643 1.14165
0.0284542 0.0250673 0.0246559 0.0217353
4.64557 4.5386 inf 4.25266
0.592867 0.477786 0.465249 0.609139
0.207454 0.168279 0.229716 0.191855
0.104751 0.0850429 0.098725 0.110536
0.390678 0.314087 0.410785 0.311189
25.5718 21.2319 23.7255 29.6631
1.23448 1.15396 1.07344 0.88017
8.63898 7.0133 8.86154 11.0526
0.130726 0.136998 0.0823125 0.0950676
0.773505 0.709096 0.842207 0.750176
0.267571 0.222301 0.262533 0.218947
0.0443951 0.0364094 0.0393129 0.0404648
2.75987 2.26788 4.47667 2.98039
1.6122 1.50899 1.56035 1.63361
0.0460852 0.037901 0.0396352 inf
0.0776578 0.068102 0.0640898 0.0524433
6.90768 6.36542 10.267 5.18013
0.240024 0.194014 0.233135 0.137772
0.010671 0.00904566 0.0110838 0.00860588
0.0036011 0.00300226 0.00330521 0.00441073
0.446077 0.427398 0.349072 0.651043
0.683078 0.644466 1.35194 0.754632
0.208138 0.192696 0.193082 0.148821
0.121256 0.099392 0.0911898 0.131561
0.622247 0.569459 0.66275 0.764348
0.00732099 0.00606287 0.00532018 0.00635528
0.00928601 0.00871224 0.00909976 0.00834891
