01 
10 7779.628429 96572.045900 18073 2.82523 2348297 4961892 51
100 17992.542057 34932.547254 100022 4.11699 3669206 7484340 55
11 
12 65325.077428 830380.085628 246979 17.6916 10958492 23324497 60
13 40478.031025 199282.035125 96092 3.59644 3413830 6645917 58
14 805.878519 3322.543105 2066 0.725476 22686 46862 46
15 12116.534434 14492.354407 1486 1.41647 799097 1596493 47
16 283326.954481 574518.337079 163969 26.4511 23374681 46834721 60
17 245941.318203 687010.707640 927318 177.292 22786459 45180221 63
18 11664.869073 21371.412838 7628 1.36373 743067 2014007 43
19 1335197.193496 5293803.344055 1565364 142.127 72861507 139820888 67
02 
20 13335.424675 46105.968098 8934 1.61697 729852 1528670 56
21 1734.186607 5625.769964 1720 0.831376 91919 185716 47
22 10271.642234 36505.867791 28786 2.17278 1113833 3468285 53
23 98303.452800 274546.505708 151661 5.74984 5346482 10621776 55
24 25556.928028 284512.200284 30297 11.3041 7740663 23637844 60
25 15684.601483 38196.341699 24336 1.8123 886673 2582574 50
26 116244.622143 157062.521922 169496 4.60034 2896939 5814898 55
27 127668.443530 378361.147783 235215 6.38583 3781115 7646027 53
28 148400.089792 942472.590276 87470 22.985 18888332 39688182 59
29 115852.572752 632162.616805 321264 11.2706 10991572 22197276 54
03 141178.996519 310640.517096 98720 15.5144 8971283 17156709 58
30 13570.917386 47052.423967 27697 1.48408 884213 1774984 53
31 19015.680201 208390.024321 68801 4.20436 2537620 8077951 55
32 3428.788224 5512.844592 4165 0.860245 257589 519408 48
33 3654.776156 10529.625896 275 0.812904 125086 259921 51
34 257056.245103 841466.106040 887066 25.2274 9996760 18751430 60
35 110999.054217 374401.705636 20836 16.4918 22575540 44653565 61
36 20591.061002 26408.996690 12146 2.32042 1808896 3689448 53
37 14902.728901 93369.660127 43300 4.21594 2741026 8297021 56
38 30466.893483 128891.927789 77479 2.70809 1430819 2812324 53
39 208748.299118 996157.835661 354303 19.8208 19776579 52495891 59
04 16904.873120 107943.554222 11681 3.09674 2867287 5620973 56
40 12059.254566 28862.603152 15189 1.39484 755767 1513909 54
41 10175.708461 35305.026989 12677 1.56406 674816 1438325 50
42 88150.502779 104069.390626 104462 6.1618 6088265 12132894 55
43 70917.371657 220287.026852 108535 5.50732 5208231 10909787 55
44 724.584148 2886.518924 1919 0.753797 46696 99529 43
45 71427.120061 270329.255299 42297 6.57741 6565505 12071913 65
46 46188.908393 143875.203990 82919 3.10888 3429392 7006947 51
47 2552.386187 11045.969865 1541 0.999979 461714 1221226 52
48 9392.946087 43692.853966 4697 1.81852 866624 2697017 50
49 3179.156688 7902.928140 4149 0.853282 176978 481887 48
05 564876.982146 1506019.687208 728351 48.1519 29218121 80811189 60
50 
51 2489013.730040 6861541.441609 3915922 127.543 57344250 114897034 60
52 30470.105147 147292.850448 12474 4.98117 4492808 9013345 54
53 41454.502430 79354.779738 48661 3.08961 1887082 5778620 57
54 173826.689379 357490.464548 89699 11.9087 7605687 22317703 57
55 474040.984300 1835197.150399 385723 282.687 23611225 47981954 65
56 65539.996691 178732.043218 60415 6.67814 4375496 8772586 57
57 1500.442997 8665.331529 1722 0.846296 145132 401208 42
58 919202.376054 1862391.618599 2040010 80.3749 44877895 123595297 56
59 2336.795068 38082.731089 26319 1.09947 317378 609361 51
06 51215.471990 325030.876393 144633 34.87 4873035 9707838 57
60 9684.235050 44362.554999 28342 1.10563 323143 645762 52
61 1392413.904170 4673347.633605 1700178 89.5304 67900317 138311019 58
62 
63 5277.840817 7134.455936 2350 0.960374 422878 879252 46
64 26365.137843 88325.708545 43782 2.04317 1679742 4555752 58
65 152823.702738 604039.567811 76267 22.1335 20643147 56142313 57
66 25217.684800 350759.630306 142896 5.80112 5551364 11079965 52
67 9123.128603 35070.684171 23521 1.43081 1239564 2559031 48
68 718724.471682 1525153.719578 811152 108.953 68388753 185307611 62
69 277657.961093 838029.738001 698305 9.50999 9379990 19937535 51
07 37898.555259 34693.738344 6346 2.26308 1814304 4736546 57
70 54248.709618 278186.576885 111681 5.71147 5287207 14591397 52
71 19324.141655 209803.873413 4336 4.75645 4467821 12075665 54
72 121066.052047 302855.636551 252995 8.44368 10752009 21930405 53
73 7400.806894 42604.504483 26819 1.00952 510612 1055426 45
74 427525.532717 1456540.928305 1070115 38.3109 33994063 69205423 57
75 2054.779915 4637.490728 269 0.742711 178890 478030 50
76 9652.996928 49572.222965 11600 1.65866 1234587 2571036 57
77 67922.463193 245184.620993 155836 3.6562 2362989 4881848 49
78 16659.548184 262930.641532 37659 6.71529 6700870 13959787 58
79 36698.687595 98030.153879 84386 2.58293 2061028 4156642 55
08 4786.099632 40841.835895 20197 1.46556 900989 2425062 53
80 16892.943401 48182.380921 29932 1.12535 590800 1188316 54
81 1578.633428 3484.196679 784 0.78845 43925 131544 43
82 53845.078122 142493.505714 115249 4.51103 4225881 8622636 58
83 10919.831970 23108.761979 28881 1.33664 459637 935685 54
84 
85 68238.453291 322311.786878 36374 10.0381 6781191 20508783 56
86 2118.105566 5579.405748 411 0.843086 141476 301853 45
87 1866.935591 2996.716067 754 3.39055 225680 464703 46
88 29476.714437 152310.730495 71288 4.83854 2900304 8914315 53
89 
09 90937.202433 102158.602255 14791 6.82787 6378821 13251950 53
90 12566.696570 15773.773223 794 1.34802 477992 1449927 51
91 337000.291199 762455.556910 724329 135.866 17992699 35972693 58
92 463316.646555 1138043.664477 83735 50.5057 57038082 115362705 58
93 5711.993976 22011.329632 1817 1.02016 438774 1175835 47
94 2523.492657 11113.536169 2464 0.934723 240186 475768 54
95 
96 14655.852387 56881.280916 1973 1.7128 762884 2254493 50
97 1879.981167 8755.180648 1764 0.883915 166151 463597 45
98 126215.785822 463885.948177 209480 10.4443 6050921 19563082 55
99 36310.223886 90920.620271 8976 4.81616 4605934 12131756 58
