01 
10 0 0 2.57802 3378262 6951137 51
100 357 36 2683280 5336531 55
11 0 0 0.770797 220759 647998 47
12 0 0 16.379 11347622 23487113 60
13 0 0 3.75408 2585971 7836903 58
14 0 0 0.726907 26858 86317 46
15 0 0 1.17414 530651 1038779 47
16 0 0 27.5477 17577749 53451082 60
17 0 0 24.9453 24307646 48652575 63
18 0 0 1.50094 1186695 3225459 43
19 0 0 127.736 74487323 142715949 67
02 
20 0 0 1.52622 1357189 2605548 56
21 0 0 0.713553 113754 237542 47
22 0 0 2.26102 2676586 5431552 53
23 0 0 4.96654 5145658 10392691 55
24 0 0 10.6777 11949213 31778688 60
25 0 0 1.51643 852166 1747943 50
26 0 0 4.01664 2796368 5638332 55
27 0 0 6.76662 7230485 14288217 53
28 0 0 22.6745 14086956 40728301 59
29 0 0 11.3244 12036650 26013910 54
03 0 0 17.5709 16135335 31926654 58
30 0 0 1.25962 1015980 2041110 53
31 0 0 4.04955 2835347 8667050 55
32 0 0 0.73191 211111 438133 48
33 0 0 0.719035 122602 237574 51
34 0 0 18.841 15255891 30409826 60
35 0 0 17.1498 12548196 25426125 61
36 0 0 2.29237 2080173 4291565 53
37 0 0 4.88403 3457385 6803917 56
38 0 0 2.29622 2146988 4213732 53
39 0 0 17.5575 24756266 49558610 59
04 0 0 4.25624 4647499 9432303 56
40 0 0 1.43009 729090 1348616 54
41 0 0 1.35258 1360635 2766228 50
42 0 0 7.57405 5817182 17683816 55
43 0 0 5.11867 3491884 7199046 55
44 0 0 0.626868 47236 95348 43
45 0 0 6.07857 4618636 8544832 65
46 0 0 2.39349 2389293 4834728 51
47 0 0 5.14014 388110 795371 52
48 0 0 1.68885 1282399 2620597 50
49 0 0 0.834355 103649 222809 48
05 0 0 42.7915 19601331 58517070 60
50 0 0 0.711154 98937 208580 50
51 0 0 128.433 86455026 171396878 60
52 
53 0 0 3.0475 2036323 4248589 57
54 0 0 10.8923 7928342 16997196 57
55 0 0 334.146 29286546 88192297 65
56 0 0 6.85756 7265960 14952577 57
57 0 0 0.74721 87196 278647 42
58 0 0 65.177 45730462 93548535 56
59 0 0 1.07539 377488 1242956 51
06 0 0 5.1884 5523533 15205047 57
60 122 12 460425 1224221 52
61 2246 30 29297183 93444811 58
62 
63 98 10 323205 676065 46
64 169 6 1085054 2044501 58
65 2099 95 23560698 50848860 57
66 971 20 4945777 13749608 52
67 148 9 651488 1375699 48
68 3993 86 67178816 135114235 62
69 1549 34 9458039 19115359 51
07 0 0 2.0866 1357772 2623084 57
70 1153 36 5602608 15263961 52
71 709 25 5858862 12147556 54
72 513 32 7963647 16227722 53
73 94 8 565556 1163344 45
74 2202 111 25934906 56847918 57
75 239 17 188455 527895 50
76 729 11 1834345 3682806 57
77 493 19 2238933 4661261 49
78 611 22 7750165 15430874 58
79 135 16 2295802 4665822 55
08 0 0 1.44874 985727 1943477 53
80 65 11 548428 1103952 54
81 633 11 87910 179455 43
82 1144 30 3498374 9459066 58
83 734 18 566379 1783203 54
84 398 10 1221034 3718995 50
85 687 12 8552930 18814271 56
86 30 5 155222 313583 45
87 184 10 177709 375995 46
88 792 51 3248344 10024995 53
89 350 17 2561536 8074792 55
09 0 0 6.85514 7306120 20118417 53
90 237 39 769102 2049078 51
91 2266 31 12068398 35285970 58
92 4490 42 49163893 100182206 58
93 58 8 453042 930807 47
94 1506 14 327765 661049 54
95 113 9 467587 1391515 51
96 150 7 1469466 2962148 50
97 392 8 116136 236257 45
98 1172 24 6899222 21714439 55
99 540 17 3654588 10549334 58
01 
10 166 10 2143606 4411005 51
100 164 577 4477883 7450690 55
11 1628 21 255309 531510 47
12 2606 806 14851361 30486091 60
13 3786 22 3050259 6262039 58
14 22 6 17326 46981 46
15 2190 9 1396987 2850498 47
16 4692 635 32568238 67703331 60
17 3224 874 27596680 53718990 63
18 1768 15 813500 1696359 43
19 3700 759 50239917 103252308 67
02 
20 1659 1609 1504009 3149508 56
21 19 10 149917 314733 47
22 1104 19 2382468 4890871 53
23 1379 251 4637754 14271167 55
24 4000 632 9577302 32721734 60
25 3024 35 1674475 4654877 50
26 195 14 2825871 5834655 55
27 1728 580 5084049 14577721 53
28 2422 509 17874077 37208183 59
29 3579 1276 15034137 30505679 54
03 4186 858 12803778 26469774 58
30 36 11 524185 986362 53
31 902 613 2068550 11749466 55
32 23 5 217807 428650 48
33 1073 9 117087 323020 51
34 1232 780 13885056 33117370 60
35 2641 381 13185494 27107931 61
36 1166 17 1343694 3474532 53
37 3861 21 5433849 10770326 56
38 2072 7 891602 2772959 53
39 4014 1377 22567388 49150901 59
04 4032 1016 2645418 8095404 56
40 4559 22 693603 1351295 54
41 137 13 1114628 2300098 50
42 2892 810 6289892 12924409 55
43 1304 693 3992554 8458841 55
44 27 4 41531 103656 43
45 1991 1074 4526529 10948528 65
46 47 2640 15 562764 1169195 52
48 49 1323 433 263033 555116 48
05 2255 439 35632077 72309167 60
50 586 6 118531 284791 50
51 3155 1235 68663340 167740581 60
52 188 861 2334543 5092002 54
53 1748 32 2941377 7139152 57
54 2278 866 7288124 24747979 57
55 4733 517 40711973 95579345 65
56 5369 61 6901816 14556690 57
57 31 9 57209 148207 42
58 3151 748 36343626 74559426 56
59 2152 19 621970 1865853 51
06 1904 653 5388793 10712031 57
60 108 11 523096 1310610 52
61 5142 1025 66731873 162177843 58
62 
63 73 8 380674 1552360 46
64 1581 229 1415780 3647705 58
65 1868 847 16150582 34136637 57
66 1397 135 6376930 16748650 52
67 717 10 704957 2116642 48
68 1919 548 54152658 107412271 62
69 4189 380 7723926 16223445 51
07 894 246 1432850 2885955 57
70 1885 31 4962471 9924228 52
71 282 17 4387921 9209144 54
72 2786 78 8100529 19575891 53
73 479 21 308824 910067 45
74 4551 843 33732400 69955371 57
75 76 2406 76 772861 1165379 57
77 1620 27 3087329 6787151 49
78 890 24 5037141 10597218 58
79 1295 601 1858351 3934085 55
08 612 10 777498 2063785 53
80 147 8 562951 1457368 54
81 334 10 95417 249081 43
82 1946 727 4243227 12106740 58
83 84 1049 11 1175153 2531832 50
85 5822 1228 10056195 26274428 56
86 3553 16 163027 416939 45
87 128 11 185611 378048 46
88 89 09 2906 502 5820090 17825271 53
90 48 9 425700 905240 51
91 5087 1094 21756873 45259102 58
92 6562 1450 42350408 104289019 58
93 441 139 317026 674341 47
94 95 1001 8 685367 1676942 51
96 97 3789 9 252981 621628 45
98 1922 701 8343010 16857288 55
99 2522 354 4973560 9782686 58
