15 7 5 4 1 11 12 0 10 8 9 6 14 3 13 2 
15 2 14 6 3 10 11 4 0 7 13 12 5 8 1 9 
3 10 14 8 0 2 13 4 6 9 1 7 11 5 15 12 
15 12 10 14 13 3 7 8 11 0 5 4 9 1 6 2 
5 8 12 1 3 10 6 0 9 2 15 14 11 7 13 4 
6 13 15 11 14 2 0 5 10 7 1 4 12 3 9 8 
13 11 3 5 15 2 6 14 10 7 0 9 4 8 12 1 
14 10 7 3 9 15 6 0 8 1 11 5 12 13 4 2 
7 5 13 15 11 12 14 3 0 6 1 8 10 2 9 4 
13 15 14 5 10 6 7 1 3 2 12 9 4 0 11 8 
12 1 0 9 15 11 5 13 2 6 14 8 4 7 10 3 
6 2 8 0 4 11 10 12 15 14 7 9 5 3 13 1 
3 13 2 7 15 1 11 5 10 6 14 8 9 12 4 0 
8 11 2 10 7 15 9 1 0 14 12 3 13 5 6 4 
9 12 5 8 7 10 15 11 3 1 6 13 14 0 2 4 
4 8 6 12 14 2 0 10 7 15 11 9 3 13 1 5 
10 3 13 0 7 1 6 9 12 15 8 11 4 14 5 2 
15 13 4 8 2 9 14 11 5 6 3 12 1 0 7 10 
7 8 5 12 15 4 13 10 9 3 6 11 0 1 2 14 
8 13 2 15 11 12 7 9 14 4 10 5 3 1 6 0 
2 10 1 11 15 14 8 13 0 6 7 5 12 9 3 4 
13 10 14 15 8 11 12 1 5 4 3 2 0 6 9 7 
11 5 10 4 1 13 6 7 3 9 15 8 2 0 14 12 
7 15 9 5 14 8 11 4 6 2 12 0 3 13 1 10 
11 7 8 9 15 2 12 1 6 10 3 5 4 14 13 0 
10 12 1 8 9 15 6 11 4 14 5 3 7 0 13 2 
14 0 15 13 8 10 2 9 12 7 11 5 4 1 3 6 
12 7 15 13 9 11 6 10 14 0 2 5 1 3 8 4 
0 3 13 15 14 12 7 11 6 8 9 2 4 5 1 10 
0 4 14 12 13 5 9 8 10 11 3 15 7 1 2 6 
11 14 12 7 8 0 6 3 13 15 1 9 2 10 5 4 
6 13 1 5 4 0 7 8 2 9 12 14 3 11 10 15 
8 9 5 1 15 7 13 12 6 11 3 10 4 0 14 2 
0 4 8 9 15 13 11 10 3 7 1 6 5 2 14 12 
11 12 13 9 15 14 8 2 7 10 6 4 0 5 1 3 
3 4 1 10 8 6 9 5 7 14 0 11 2 13 15 12 
9 12 7 13 2 11 6 10 15 1 8 0 5 14 4 3 
2 9 3 4 14 8 7 5 15 0 6 1 11 10 13 12 
6 14 7 12 10 9 13 5 8 2 0 1 3 11 15 4 
10 2 0 15 12 9 7 11 5 13 4 8 14 1 6 3 
11 9 0 12 4 15 2 10 3 14 13 5 1 8 6 7 
14 7 6 12 9 3 5 8 15 2 1 11 0 10 4 13 
7 12 3 8 9 13 10 14 2 6 11 4 0 15 5 1 
13 2 6 8 7 9 15 0 3 5 1 12 11 4 14 10 
11 14 15 7 0 13 2 12 10 4 5 1 6 9 3 8 
3 6 11 12 9 4 5 10 15 13 8 2 14 7 1 0 
1 8 13 11 2 14 7 10 6 3 9 5 0 15 4 12 
8 6 12 15 3 13 0 5 9 2 14 1 7 4 11 10 
4 1 8 12 0 5 11 13 10 3 9 14 6 2 7 15 
2 13 1 15 11 9 0 5 8 10 6 12 14 4 7 3 
11 12 10 4 0 9 5 2 6 1 7 8 15 3 14 13 
3 5 6 8 13 14 10 12 4 15 2 9 7 11 1 0 
8 14 1 9 12 11 0 10 5 6 7 4 15 2 13 3 
15 2 14 1 9 0 12 4 7 3 11 13 8 10 5 6 
13 10 14 1 8 15 11 9 12 6 5 4 7 2 3 0 
15 6 13 12 5 14 10 11 9 0 8 2 1 7 4 3 
0 7 9 13 12 10 5 4 15 6 14 8 3 2 11 1 
11 5 15 13 12 9 8 1 7 14 6 10 4 0 2 3 
7 15 1 0 14 10 12 3 5 6 8 11 13 9 2 4 
9 6 2 13 7 1 12 8 0 11 10 4 5 3 15 14 
7 0 2 4 11 15 12 13 3 14 1 8 9 5 10 6 
11 2 7 13 14 9 6 1 12 15 3 10 5 0 8 4 
11 10 5 0 3 7 1 2 13 14 4 6 15 9 12 8 
6 7 2 1 0 8 9 15 3 14 5 12 11 10 13 4 
14 2 1 0 15 5 8 6 11 9 13 4 7 3 10 12 
0 10 3 14 12 15 9 13 6 11 4 5 7 8 1 2 
12 14 7 4 0 9 6 10 2 8 13 15 11 1 5 3 
11 15 7 13 9 14 0 10 3 2 1 6 5 12 8 4 
15 12 14 10 0 8 2 1 7 9 13 4 3 6 5 11 
15 12 5 7 0 9 14 8 11 6 2 3 4 1 10 13 
2 14 9 15 7 1 0 5 11 13 4 12 8 10 6 3 
14 3 13 2 0 12 11 9 15 5 7 10 4 6 8 1 
15 9 3 0 8 12 10 6 14 11 13 2 7 5 4 1 
15 7 5 4 0 14 9 6 8 2 12 11 10 1 13 3 
3 7 4 9 0 10 1 6 11 14 5 8 13 15 2 12 
3 4 11 12 15 6 9 10 7 2 5 1 8 0 14 13 
15 5 7 13 8 4 9 11 6 1 10 3 2 14 0 12 
2 9 12 13 1 0 15 14 7 4 6 10 3 11 5 8 
5 13 6 8 15 3 1 9 10 0 4 7 11 2 14 12 
14 10 12 15 7 8 2 6 5 13 1 9 3 11 4 0 
9 7 10 12 6 4 5 11 15 13 8 3 0 2 14 1 
15 11 13 3 10 7 4 12 14 2 6 8 5 9 0 1 
15 13 14 7 12 3 2 6 1 10 0 5 11 8 9 4 
6 12 0 1 3 13 14 2 8 9 15 5 7 11 10 4 
3 13 10 2 7 8 0 15 11 9 5 4 14 6 12 1 
0 14 12 15 3 10 6 13 9 8 7 2 4 1 11 5 
3 12 6 8 7 13 1 9 15 2 10 14 11 0 5 4 
3 2 6 1 13 10 0 4 15 12 11 5 9 8 14 7 
15 11 5 13 8 4 10 12 7 3 14 6 2 9 1 0 
15 0 11 7 14 13 1 10 9 8 4 5 2 6 3 12 
14 7 4 12 1 10 8 9 0 2 13 6 5 3 11 15 
0 14 3 12 15 7 11 4 10 2 5 6 9 8 13 1 
10 5 12 8 9 11 1 7 2 14 4 6 15 13 0 3 
11 14 15 12 13 8 7 10 6 9 1 4 3 2 5 0 
9 10 8 12 2 3 6 5 0 15 13 4 7 11 14 1 
15 7 0 8 13 10 1 9 4 2 5 14 6 3 11 12 
15 11 13 10 9 8 1 12 7 6 2 3 5 4 14 0 
3 2 4 8 0 14 13 1 7 11 9 6 10 15 5 12 
3 6 12 8 0 13 9 2 15 11 7 5 10 14 1 4 
15 12 4 8 11 10 13 14 7 1 9 5 2 6 3 0 
